10000
2308
9746
4045
9447
6809
5253
531
2111
5932
566
8995
843
9684
6581
5978
6650
9463
5961
679
4315
1395
5258
8392
5201
8397
6380
4133
6360
5778
3510
8223
2236
4058
7035
9587
1097
821
755
6814
6142
7173
3070
6804
8440
800
9489
9278
3215
3906
4397
4075
7875
1268
4174
6751
1679
6790
5491
872
5453
6645
2620
9167
5281
2386
7099
1554
7485
5101
5268
3428
3487
4953
9272
4384
8423
4265
4831
4180
1035
4327
3820
5307
7671
6678
518
1113
8501
4004
9937
7120
3975
523
9649
5855
6800
3474
3098
9111
9129
9925
3143
3358
2354
4722
1503
3137
8131
3543
9372
4212
7622
8498
6850
3969
1006
8119
5442
8738
7827
4692
6803
6946
7294
8917
3091
2888
1046
6904
6987
7076
4484
5044
8721
2477
7095
5637
4351
295
4222
3522
2976
2062
3253
7873
489
8913
7829
512
1794
1654
8357
2570
6784
6396
2638
72
7831
7803
547
4768
8735
7854
5539
5113
2250
8346
6417
9029
1822
5645
5528
3860
1672
2082
3245
7737
1726
1012
4616
95
4717
4914
6999
4417
8042
4020
2872
8202
5487
6898
3243
5330
7786
9024
4488
5444
52
6744
7404
5850
4431
8861
3074
195
9427
2329
9614
7700
9090
8740
464
6949
7448
8838
3763
7268
1077
914
1400
1232
3825
8040
364
4856
1133
1338
8968
8820
3279
8706
6115
4043
511
2869
5039
5155
8119
766
1394
13
5099
6071
253
1735
6364
1530
3074
3063
6332
4938
8308
8071
7742
4331
4163
5952
9839
193
3511
7080
6968
5215
7529
1405
9191
7885
2423
8868
6490
1885
9893
4557
2582
6937
3615
4576
470
5667
7772
7679
7141
4816
8732
3813
1561
9185
6336
1760
463
6835
5501
5597
3701
2451
6046
861
9359
8211
4325
8006
7614
6651
6142
5942
3464
1342
3348
5424
8464
5491
8156
4859
1425
7983
7181
6200
1031
4111
4111
6627
6669
465
4786
7361
2703
1590
2052
6108
3823
4692
9620
5894
7957
595
669
3768
4675
887
6349
8736
4653
8791
8892
853
3293
7512
1124
9630
3931
3307
8482
5241
9520
1385
4822
4881
4854
4690
8627
4753
226
3166
8297
7818
1978
960
9910
1185
1484
4441
5099
2374
5708
3267
6811
4032
2764
1826
7503
1029
5350
7913
3098
3024
9837
6625
4008
6537
5355
5734
4362
4401
5948
7672
9814
3333
8842
8280
7693
696
6138
5147
4150
5660
5512
9346
5015
1289
3685
9580
4438
1907
5444
6118
4422
9704
1853
7725
9570
6472
8226
7249
8586
289
8597
9230
6437
7544
7087
2580
7461
7956
7123
7340
3380
5711
1809
1132
9434
3636
3735
9302
205
2733
426
1473
6534
4887
5188
976
395
6919
1292
9107
7149
6387
2149
6937
8661
6487
7431
7310
5598
8773
7061
2074
4199
3072
8095
8878
7598
6633
3664
5359
8604
9725
3333
886
4051
4637
3859
5308
4022
3159
4957
9569
5401
9024
8000
5890
1285
610
195
2826
4181
941
3879
2635
2069
465
663
6986
6257
2180
2161
8878
6794
2094
1648
9232
8845
9591
6793
7621
5801
6550
7745
9405
7473
3155
2181
4336
4499
4222
4088
7384
9207
5645
5067
7047
9148
1506
9503
1506
68
6820
3943
525
7951
4014
3299
2166
2217
6030
4610
9416
126
2247
9655
8437
8331
5607
4155
334
4634
7571
8055
829
7082
4680
8666
7908
5188
6756
4866
5296
1705
3791
3123
8760
800
2624
7219
5568
377
5349
8617
1993
294
1232
1068
4386
8449
3144
859
533
2595
9592
8053
4060
8659
8212
6928
8167
8786
8994
5705
6195
3811
6492
6180
7849
9938
7887
7193
4752
506
6837
5008
7650
99
9239
4114
8170
3384
8918
1042
1061
1802
9564
6161
9941
8145
1763
4414
9142
2532
5402
9685
5815
8013
4799
8470
5430
2614
1031
570
4280
8287
423
7029
5473
8894
633
5176
7492
9437
790
88
5571
9234
8591
5376
9953
9563
1015
1792
4326
939
8289
9125
6956
3418
5018
1163
3033
3046
1348
7973
802
7878
6086
8531
3436
4520
1770
9506
4616
4512
6057
5011
5244
3322
7308
9541
6910
1576
5700
9113
9244
8254
4469
7307
2028
796
2817
4314
802
9569
4503
86
2745
1723
366
5524
9114
1876
5983
6747
384
7929
4940
338
2875
5572
9670
5078
5713
9543
9537
6419
5747
2947
2318
5434
5102
4400
315
598
5157
29
8192
180
9131
8294
597
5595
3858
538
4507
1132
5423
9533
5751
1553
8712
5316
6769
3010
2637
1568
8405
6632
1071
6294
2929
9008
7196
4537
5780
8967
8917
1385
2215
2405
8904
4252
3687
454
6525
6990
823
3345
4274
4352
6649
7430
321
3771
4124
4744
5349
9226
4903
871
1645
7906
8567
3483
4018
3763
3507
8317
6908
678
2101
9970
4927
765
5214
6570
3802
3801
2630
3763
1167
1526
1527
2086
7768
2593
3662
9134
1779
4014
336
1600
7143
3515
7344
6001
3881
3124
9472
1355
1277
2077
6888
6273
9159
8738
2740
2433
2516
6409
1022
4319
3135
7916
7698
5803
3162
1088
9938
2876
6446
3295
3988
1223
3250
3762
6128
3390
6180
5376
4844
3295
2396
6403
4050
123
7631
7654
6215
7852
2225
9602
9814
678
6011
7808
421
5422
1032
7892
9530
566
9254
5194
1222
7117
4987
2072
180
175
5180
9414
162
4954
456
4164
8975
7322
9525
2843
7486
2845
1512
1199
5235
422
731
3138
3646
8433
9451
8646
6650
2898
9139
789
2049
1009
8713
1337
4003
39
3916
1156
5051
1641
9912
5457
3566
6133
4281
3637
1488
6877
7549
4717
5233
426
3265
9620
1112
1467
4417
6698
2698
8863
3811
2200
9573
2345
8728
2498
2617
3903
8219
5262
695
2155
3601
9262
5282
4057
2889
7341
954
7712
4071
7721
8341
3479
956
4624
3601
3145
2295
9961
594
4076
2517
4915
9224
4919
9021
6801
19
6180
8365
9417
5179
9352
5093
8800
7843
3212
7874
539
7935
2827
694
1042
9077
3869
9546
6844
6
5619
1476
2081
8802
9287
1313
3633
8457
2522
6498
7529
2399
304
5030
9152
6485
5080
8177
7196
8874
9437
5563
6701
961
2788
9697
8419
479
2177
2805
9289
6054
1199
8619
3313
6944
3620
9326
399
9357
6480
6255
9129
3632
2549
3071
2999
4679
9627
1297
9319
6754
3111
2513
5739
5883
4456
3859
9847
9420
9577
704
1278
1673
3033
5626
2506
6127
4825
7313
4798
34
3702
6427
2714
5212
3009
8372
9174
134
1324
6387
3883
4213
2618
531
9324
9046
359
9254
2869
1032
6688
7659
4778
6759
9382
4006
8582
6213
439
1687
7296
3822
8292
2294
1899
4682
1372
9172
1828
7939
6513
9122
7881
6269
9074
3780
4872
2308
2046
7908
9486
9016
8502
1926
7540
7440
5346
4389
4444
9793
5279
1841
5469
5590
9718
3690
3211
7574
6352
387
8068
1627
6706
4588
730
6152
6184
6156
3065
2626
5883
3418
5026
5914
1938
6758
2324
2368
9884
6912
131
7225
9457
2162
9538
6961
5755
1545
8671
3533
9613
3971
133
2613
8829
2735
4114
8037
2528
60
3009
5166
6113
3060
7809
8356
807
3098
1583
4882
7520
3332
8949
4069
8707
192
8550
4882
393
8417
5672
2828
8012
3903
6953
5413
6633
4848
4495
3152
7476
6174
7161
8151
5368
4713
8782
1548
2550
5604
8189
3989
8103
9553
4529
9830
2002
1570
9865
5458
2000
422
2855
193
8478
5024
5434
7906
9580
3416
9001
8468
1678
3486
8234
9725
6863
6681
3535
1571
8474
9538
2258
620
1453
6273
6351
7742
5869
1936
5831
5034
5949
4750
3619
222
2949
9954
2861
5650
7064
6755
9627
7488
60
5593
9830
3271
7178
2260
3207
7102
601
3216
4175
4364
6678
9724
7552
1128
2362
9133
3893
5734
9935
9822
239
8170
1029
7275
5952
4613
7540
709
5981
6708
1211
9417
8102
4886
9262
1685
8204
7473
1815
9968
8127
8923
6987
6431
6970
9752
5034
5858
4516
2014
8805
8257
3026
4569
9727
6558
7986
8030
8760
7075
5210
1689
8661
2462
6056
9610
2389
2133
2737
6269
8362
4065
2387
4908
213
8484
8554
8671
15
8454
7670
5797
6536
1424
1037
1754
8934
3731
242
6630
2402
7882
934
9484
5966
7719
4642
9173
6072
7094
6698
2299
9033
6431
5393
9547
2668
9020
992
8581
6769
6419
1062
6968
1648
6191
3252
6087
3294
3521
9305
7250
9971
1829
3908
3362
4238
4980
1987
9337
2006
3556
5511
854
9655
2219
2269
365
7080
6890
9887
6372
3840
8691
657
4144
1107
7212
673
5435
302
1004
1820
2212
5341
6511
9835
1230
3070
5537
7225
127
70
98
3870
6932
3875
2664
2936
6580
2628
5750
5073
5620
6564
2070
9305
8166
4286
3262
2448
6601
8125
6842
3045
7514
5633
1212
8024
1206
3241
6291
640
4750
5851
1277
4180
7439
4786
8607
1899
1510
3192
6545
3022
1352
7189
4149
464
7822
7652
215
5561
9668
2901
7941
2875
7701
2453
6541
1088
270
7537
4797
6067
7962
7253
422
168
4030
9965
3186
5616
7954
5496
4496
8168
9031
8786
5579
4161
6536
6877
3093
7212
2288
5830
1914
4984
5501
9431
9333
3755
9601
4498
6684
8063
9306
4692
968
8377
7734
490
5799
4394
5726
3218
5944
6713
3912
2842
6393
2685
2780
5244
3719
14
7531
363
7932
1188
9202
9961
5221
6385
5328
9612
7713
8292
6966
7176
3210
2780
4422
5027
5100
60
4562
9313
473
5038
8991
596
1712
1218
914
9723
9529
7845
5097
9452
6209
8755
4380
9334
9660
6169
4699
6270
4180
3645
5988
9091
5771
9553
6826
9766
273
7382
9111
6368
3563
6866
8586
7950
7072
8525
826
1326
2329
4301
4494
2199
5468
5298
5010
3565
1438
282
8425
1641
1032
5517
3397
7441
726
3920
6574
7785
8178
4156
5702
6914
2007
6564
8482
2213
2879
2369
8958
654
9043
8012
3899
2607
8510
7551
9071
4514
1654
3215
4688
5611
2008
6205
2033
3788
8820
9716
6004
1709
3573
8472
1593
3368
8727
7371
5703
9037
3132
2411
1936
9524
9379
3852
5871
4943
191
6365
451
2093
362
2508
434
8129
9439
2578
142
4964
7822
8243
2979
1382
227
8888
7031
4287
1274
7968
4447
880
2139
1983
9023
1581
664
5614
4527
4572
1459
1139
6146
9442
5534
8493
9393
4569
4273
1884
9372
2085
6050
9204
8508
3029
9205
6671
3881
2356
5204
2448
7295
130
2409
6524
3847
9990
4874
1564
6042
2194
239
8027
5659
9403
8292
3787
9828
930
3646
9027
2687
9650
3080
6790
8368
4075
9953
9484
5987
1640
3246
6223
7080
8078
7148
8519
7918
3660
512
1783
8533
9123
5994
9641
9581
6283
299
2580
4189
6439
1118
5298
752
4309
2082
1957
3804
9663
4556
9414
7270
2460
9745
5164
2158
3090
268
5663
6532
2300
6428
1055
9218
2219
8267
8948
8709
2736
8209
142
8007
5842
105
5517
1926
542
5196
3138
2900
6068
1207
9207
1735
4451
4179
622
3647
6945
946
8355
2763
4618
2713
985
8621
8180
9051
4741
8921
1177
2947
4526
6067
4880
530
336
1797
1906
3332
5952
5040
8881
3019
849
4160
7519
1962
4384
5302
4795
8234
6964
1266
4868
4199
858
5083
9728
1116
7106
1818
2750
6503
2041
7733
3135
6822
4421
390
6796
9897
922
3536
183
4132
9039
4221
5346
6861
5563
1764
6447
9355
2076
8350
6365
9075
6866
8902
2034
6215
1229
4147
3945
5315
7717
969
7579
9088
1454
6366
775
3559
8720
4872
4686
3502
7316
6040
9406
7126
3154
4292
464
1167
3030
6892
2373
7650
6901
7382
6437
8664
9054
1721
7028
3970
2025
1099
4416
3411
4272
22
2168
909
6472
843
818
5772
9536
9846
211
8150
6945
3763
2561
7119
1388
4748
329
3783
7171
5043
5601
1064
186
471
1044
8506
4379
835
8024
5982
8314
4889
5061
1778
5490
7037
1204
1379
128
3724
3691
3927
6256
8708
6056
4564
9484
3232
3714
6511
3995
7033
9149
9621
8646
8034
5847
8724
1365
7191
8276
75
5151
1434
7022
2191
567
8142
1035
3494
906
4820
4244
7732
6159
2581
2370
6845
8792
954
8104
496
9005
7965
537
3778
2787
5541
2770
8251
5164
6054
2308
3008
3821
6119
575
3492
381
8004
1535
4130
5923
5189
6574
7268
247
4368
2786
4649
2931
5012
6919
9157
657
6447
913
8259
5840
7919
7624
3658
1367
415
2249
2026
5235
4891
999
502
6459
8971
7455
5430
9003
6244
9237
5331
7825
8263
1770
7916
7670
5302
3950
9247
991
6787
4183
2698
5182
6983
9037
1954
7045
4648
4200
3896
4569
2491
6389
5322
6385
4510
1622
2907
999
1623
8328
2688
3472
2838
1070
1682
9880
909
955
2823
146
3265
2124
5511
1188
1298
8873
1772
1247
1324
482
8894
8485
3808
8340
6197
4655
4930
6434
7443
7606
8133
4531
9797
289
4835
4005
6615
6579
8652
9932
8394
9815
2514
4601
9812
7055
4721
3001
717
8853
890
5286
9805
1031
5824
1201
2919
7633
8874
1523
574
293
5513
4740
9761
2286
9686
7461
2715
6431
5191
786
2531
3026
4355
7229
1280
4627
8047
6958
4356
6565
7147
8967
4559
5075
204
8774
4045
6509
6566
3368
410
1732
2978
4564
6412
2664
4639
7945
9568
5254
9494
7964
1951
2147
7880
3457
7474
3999
4106
7444
2592
8913
9429
5275
3095
2842
9675
646
3495
312
1460
692
5204
7697
1985
7496
1396
7188
8496
9806
1446
623
3431
4175
6434
7982
2735
933
1719
4959
2987
1337
4063
5893
5504
9178
2424
2436
7913
6995
1967
4128
9328
8318
8029
3216
152
2610
3962
3973
9287
6643
7754
307
2902
8717
2336
2078
7422
8951
6440
7518
3163
3792
9472
6001
8039
8339
189
5825
8476
5812
1730
7687
5105
197
2629
8085
6360
7154
8611
4421
6136
772
3526
4116
1927
4057
2129
5828
2162
1853
1753
8916
2983
1324
2399
3054
5462
7856
3510
3495
5571
8491
9570
2227
531
4728
4391
1377
7231
2188
8157
4414
5062
9355
9235
1739
8796
2930
7917
4958
2141
4878
3873
1874
7797
1660
8211
5508
9595
467
9870
607
9812
7548
9470
6942
4388
4735
459
9133
1840
8577
3986
2681
9071
7673
4438
32
4558
7005
3262
9605
2600
919
3570
9609
3713
4793
4517
4112
7922
1520
7170
5935
5107
9293
6454
6546
9883
3843
4975
9486
2099
9851
2607
5402
9200
8750
9567
5426
8831
9763
1438
8826
1761
3329
4974
1410
1080
8567
5948
5964
5598
7502
7996
2030
915
4477
3531
1848
5989
4578
3050
1641
8241
1285
5104
4808
6149
7347
9764
9946
7327
8054
8913
695
2523
3164
531
5583
7892
3949
2771
3745
7591
6698
2406
3459
8572
6292
4799
3120
9637
7484
7801
8729
4435
2140
5279
6348
5725
6985
6010
8814
9709
7850
2576
6725
3475
8421
1354
478
1153
9152
7218
2444
4814
6114
4640
6650
1209
200
2038
7754
7555
5842
1058
550
5599
6264
5151
7732
2997
1293
1127
8015
2103
9575
8486
8364
2148
3015
7182
744
3419
5299
453
4325
4045
5143
278
9004
4032
2597
2185
7970
1540
3653
6089
5848
7776
6581
7144
7040
7994
2710
3662
9178
690
3109
1255
7781
5568
1486
6102
7095
1034
5013
1590
5644
2818
8286
9002
3236
3695
9325
8811
7552
283
6439
5125
5404
7873
2102
5319
4012
3060
2413
5460
303
5954
2013
6886
4232
2686
4955
9716
5577
8105
8446
5924
8380
1996
6843
8294
2588
2003
3237
580
4730
9073
9504
5053
3600
8887
7896
7018
8125
200
9995
3832
3731
5208
3083
4792
5366
3098
6137
2979
239
8329
1289
4102
4373
4904
8293
3315
1768
5252
4055
7417
3784
6537
4886
4985
4726
7298
5269
437
7306
5825
791
9074
3354
4201
150
5991
9027
4730
2825
6187
8293
1134
1594
841
2153
7229
3304
333
8102
7663
3613
2311
637
6404
7448
4978
5938
5264
5736
2247
243
2915
1517
8235
1581
9068
9443
1555
3462
4444
688
5110
2242
6867
8137
4770
9649
6401
3265
8483
1438
7361
3241
2036
5518
3874
390
9425
9095
5283
3318
9653
605
6247
2734
4883
6253
4359
7828
4315
3119
6854
7867
8745
4825
8617
3160
3345
4242
3703
9031
3909
3242
9110
3525
2122
161
9472
5891
8319
5319
6382
784
491
4423
9570
7141
395
1968
2172
9390
9399
18
8972
5210
7902
3036
5680
9867
709
391
6211
1265
2593
8615
6804
8627
6974
1741
4777
2136
1493
4943
2278
1399
9802
6295
4721
4147
6876
2344
9435
5227
5833
1696
397
1706
1513
5089
3478
5055
9635
3793
915
1760
7540
9368
3182
4731
3521
4254
3658
643
5571
7909
8418
5259
77
9376
1997
3183
6187
7993
7207
2522
5325
1238
9229
6808
7179
3699
2840
655
8713
4318
1290
8901
9748
6114
8137
3006
3786
146
7973
8276
4461
5487
1364
7240
1139
8487
2969
8854
706
5370
5123
9563
9992
7864
2215
9225
4050
280
6069
4079
1172
4354
2344
1357
4533
3074
163
8493
5949
6830
6258
5181
4378
8513
572
1324
5099
3938
4503
621
3780
2188
3550
7816
4108
2916
2162
2541
3483
2783
5002
7895
3451
3612
3255
3157
2388
576
9556
2116
5189
8546
8759
5092
6303
6995
6918
708
8460
3991
9720
5583
3799
4951
145
9856
916
5784
4508
3182
7414
6537
105
7338
1
3231
8075
5381
5268
660
2001
7932
9310
1053
9021
8385
7244
4311
3991
6469
1871
5450
5832
3151
8419
6914
5616
6012
8687
5667
372
5
7297
5191
574
2229
7733
3349
4291
734
7148
5697
1824
559
1821
9732
7530
7212
852
2681
1579
4033
6299
8677
6173
1954
7086
795
8126
6464
5794
5995
9175
4138
4358
7462
260
7818
3239
6110
4319
2258
6755
171
2928
4336
9638
114
1711
7559
1426
17
9930
5453
5038
6166
3177
1836
1198
989
7038
846
8058
1869
9366
1754
7131
55
5760
7929
4498
4011
1516
773
5086
420
3016
553
613
3123
7267
5489
7871
3011
6447
155
2131
4594
2897
8987
1560
2445
7571
9516
9430
2050
383
7087
2123
4818
6481
2459
2758
2042
925
3704
9916
1252
6690
1656
4867
9626
1644
2473
1915
6471
3158
6848
1054
8058
3672
4688
188
1422
572
2349
9685
3327
6287
4038
8009
6828
229
739
8002
2856
6872
3180
9279
9697
2453
2098
6587
7423
543
5271
7031
8964
8327
7637
194
8265
3744
2247
928
9071
7689
8961
3973
9541
424
2065
6533
9953
1411
9191
448
8164
4798
3386
7933
8076
1984
5182
2359
3963
6844
2285
2073
1641
4476
3372
2067
8044
4779
8046
2730
9800
3726
7275
8152
6711
5791
9444
3942
3290
8721
4179
769
7198
5240
2072
5396
4982
8737
2096
6028
4238
9697
8027
4696
9977
7033
5992
444
9305
6926
2024
6367
503
4834
4259
4220
8043
8633
8777
7555
2773
1293
8100
2931
8605
2025
3408
4761
9093
1603
2521
5025
3488
405
8422
6570
3597
1912
4587
7864
3396
4741
5499
9778
7639
1754
4926
2855
3735
9326
9294
1557
4998
7467
2269
1852
3520
8680
5742
5426
8253
5905
480
8284
5978
7894
1858
1047
6300
4833
8617
3058
5022
7214
579
7907
6567
7796
243
6653
7725
6902
8937
4642
2996
6806
5402
4884
7487
258
6379
932
4879
8958
693
9403
5092
3056
3414
640
3931
9538
451
8932
8800
7253
4236
7087
210
1991
5600
5975
193
1222
8646
782
1657
5637
3816
5298
2213
4208
5223
8606
6741
3234
6827
8056
7621
3986
6719
69
9881
1736
9326
1616
1295
1253
8102
6418
113
4327
2332
2088
893
7702
6516
9216
8058
2028
6540
197
8305
9073
9099
280
5772
8774
3132
3180
9146
6075
9096
5104
9509
8007
8780
8470
7764
5431
4493
3850
2655
1379
8240
9094
495
2726
4402
8837
1456
2072
6493
6097
5070
2897
5098
6897
823
2686
9368
1018
6220
4676
7215
4205
397
4465
5897
6565
7758
2931
6893
6160
2914
1936
298
519
574
967
7085
3309
2190
9249
5950
9036
2152
798
6672
7532
2377
488
4587
3271
2952
2121
2212
4790
1421
4238
9685
2268
7587
8069
872
2375
5255
6299
6312
7492
5163
3552
4228
6286
1743
3484
3119
1470
8093
3950
8425
7010
7635
5439
8877
988
1158
1030
9134
1916
2961
3408
9665
4516
1750
2266
498
5018
9346
862
16
8373
4064
5556
2102
8513
9792
955
92
3907
4579
9851
3242
9497
9075
7189
8733
1190
5411
5364
1046
2007
2520
612
4054
6907
7460
3834
4733
9168
5483
1157
9290
3558
6451
6873
8481
8352
7518
5412
9505
8857
6848
4646
4993
3403
7687
7176
9914
5051
7066
9751
4147
7162
3976
568
4833
1810
3179
2651
8314
9444
7806
8304
7054
6837
5373
1958
9727
4460
9074
8995
1772
2410
1398
7836
5447
6096
4212
3608
8849
7633
1098
5839
7801
4687
7654
8473
6327
2208
2091
2906
5415
4839
1867
9351
1681
3009
9670
1265
1983
7571
7721
1336
5161
8057
1159
5765
4869
7789
6287
9671
3204
6411
2922
6778
7587
2612
2789
6660
4664
344
5040
1483
1680
7758
3369
2408
7572
2176
2551
4164
6360
3021
9143
9541
4889
5997
6487
5391
306
9621
3127
427
2502
7169
1177
8858
5382
231
3953
5361
392
6256
3472
6557
1552
6117
9962
5051
7080
2939
9151
3590
924
6071
4504
856
2
5043
3010
1383
4147
6970
4574
2676
4175
2760
9968
8545
7736
3008
4004
6877
1248
4830
2606
2594
1794
7407
4294
1990
7048
195
6001
5741
7088
932
3628
984
4299
8546
1963
6389
768
4376
2531
4340
6710
3258
6257
8643
5519
970
9646
1617
1757
23
1635
7790
8883
498
503
4872
5895
9829
158
6042
8748
308
6870
2793
4804
9171
1175
3565
6861
7701
8958
3531
8501
572
676
4145
1284
4171
353
5225
4297
6773
2802
6998
7424
1065
6769
5052
5950
3149
1142
6463
6399
6222
6505
5429
2330
4835
8337
7767
6284
6419
1143
999
9744
7233
2373
6601
2202
5836
3385
8394
4704
4853
1740
4236
4602
6694
8807
7597
2214
798
1012
2855
846
6248
1738
5668
7570
371
726
1397
4374
7642
5240
9343
3344
3063
6849
4607
7181
204
2259
6788
2970
6573
8264
3155
696
3462
4116
4821
7102
3768
2927
3601
3051
7474
6099
5790
5955
6052
7827
9057
3924
5082
7144
1806
3789
4313
4864
1909
8980
2411
4610
3600
6208
5965
6730
6731
7723
1946
1552
2206
8150
5604
8224
8370
2416
7089
2293
7202
9201
918
2449
4516
8749
4795
1300
8824
2071
48
4386
6414
3345
593
9029
8868
5325
295
8102
4847
3017
281
4249
8011
6981
4277
8167
2421
8881
9082
3729
8795
4590
6764
1941
3090
8928
8612
6742
2567
3948
6429
4791
620
9886
1043
1146
4915
5542
4915
4482
4026
2381
370
806
9139
9110
6983
2085
2670
6164
5169
2697
117
2356
2399
6380
822
2283
8916
6949
8158
4846
887
6993
1492
8560
9850
9412
7502
5998
1821
7725
6300
8581
9497
9142
4522
8063
9574
7301
26
9918
7470
4995
5894
6292
4651
3467
688
3211
7394
4227
718
1902
8372
7430
8160
1703
184
5636
5990
2957
7368
1746
3146
9193
3384
4816
8569
6143
555
5336
1212
2295
335
1964
2503
2937
1929
7431
6085
4840
3919
8407
9373
8352
6333
5372
5781
3349
8142
9218
7502
8202
3921
2311
2371
5757
8511
2431
3368
8887
647
1713
2207
6860
3100
54
4538
4589
6499
4581
9898
1327
206
6400
4591
192
3516
1219
8241
2711
3249
7186
5821
5900
7866
2582
5160
8977
1301
6930
604
9822
4699
4392
754
5763
476
4056
1607
7716
960
6463
2445
7134
9163
5398
7780
1066
1214
7291
5573
2372
5849
1111
2822
1553
539
1598
2303
5913
2340
7413
316
7571
1038
5356
4752
6160
2748
6902
2641
2503
4143
436
6899
113
1597
7828
5291
4045
6043
2201
2908
4987
4219
2705
189
5275
3878
5728
6279
4766
4300
6568
9208
3862
9042
2763
2625
327
3012
6354
8133
1729
3336
5232
8453
937
634
6655
5263
7041
6858
2074
491
7820
8316
4173
2209
7472
7038
8427
1615
2728
648
8344
1683
2057
9327
5104
1509
8839
5321
3525
8164
4336
8886
7748
8676
1733
2062
7204
779
5821
2604
5358
8289
9391
9320
8893
685
5097
6556
6457
1579
9635
5444
235
1684
7557
118
7892
1445
2338
3319
5545
5039
8300
8772
3370
8138
7911
1787
1197
6261
3464
7247
357
2761
7900
1447
3164
4501
3333
8034
9362
3297
2397
5265
8055
8724
8833
766
4232
3860
3167
2568
6171
6940
9764
7783
3438
9615
9272
3041
5822
5549
4631
9400
6163
9245
2287
7719
27
9914
6628
908
855
5557
2405
1813
9730
4734
8267
7485
1212
8889
5615
9547
9606
4483
6672
4205
152
1942
667
9102
2600
1795
2923
7383
172
2211
7299
2959
52
2613
5956
3069
785
5010
5118
3552
5681
5269
4509
6993
5982
7762
9041
5487
5654
2079
2255
5336
7067
4910
4949
12
5816
4976
5259
8946
4408
9047
7838
8624
5312
9872
1022
9181
5016
4639
523
339
6312
2226
5677
7575
8477
6255
9648
1013
1866
6208
1761
6569
6970
9400
7925
5524
6614
6964
3895
1154
7250
2761
349
187
5578
5773
1195
9630
7323
7140
2740
4769
9635
4812
3161
9972
6435
9180
4740
2093
8769
7969
1283
4386
574
6532
4662
9653
5296
9959
3177
5935
3234
8505
1566
1257
4752
719
7960
6174
8221
1572
8280
5130
2846
259
2825
436
387
4602
8383
5853
3184
7219
8156
7033
8137
2741
5244
1774
2156
647
2956
8706
8224
547
2840
3419
3740
4547
6470
9262
7943
8196
1065
8957
6193
2875
5988
8167
7836
7408
7546
2002
2497
9698
7773
6668
4904
1433
9204
88
6520
4693
639
2894
8227
9163
666
9642
7118
2849
3592
2306
2366
7272
7537
9412
1724
5800
3771
9273
4409
7956
772
6058
9345
1839
8095
9610
9624
3986
5035
8593
1701
4064
4857
3199
7721
7440
5599
4929
5056
3255
7498
2467
2024
4414
2353
3583
5236
8939
445
7946
8756
4927
2454
4842
8969
8978
3832
318
6027
9479
6855
9762
2356
1562
9890
6104
6341
6946
5877
7618
5038
7071
5139
2214
5031
7429
2609
5859
84
9582
5597
3207
6418
7567
2933
1668
4508
1473
3853
2347
6015
7297
4296
621
976
8258
4611
7882
9860
4101
4257
8220
3151
491
3384
3664
1328
6918
822
1610
5151
1496
9973
1071
3677
9169
337
1019
5549
3097
3959
700
1634
3542
4416
7920
5726
3634
7789
9443
1647
5856
5024
6331
4936
4787
5051
8216
5099
3552
2454
7848
6841
3046
7621
4564
7217
3649
4919
9555
4745
7910
9343
3074
7641
2314
6384
5724
1204
8952
7905
2979
6734
4510
3278
7486
8600
3645
7794
9748
8085
3135
8943
6358
6298
9901
5627
5630
8535
8650
9838
3693
2235
9904
2030
967
6502
8004
9195
4960
5248
6707
3337
3934
7456
9668
8174
4894
1320
8153
1043
1247
7285
5459
8962
4499
1983
4072
9810
4749
6673
3221
7959
2620
200
8451
6177
2234
5689
6645
9754
6252
8728
4120
3055
9519
2255
6615
7383
5825
6526
4796
4694
7007
7957
3377
3985
2465
1403
1052
4501
9847
7753
3316
7512
2632
7906
1887
5258
8358
3784
7318
8254
3149
3313
1199
6778
1800
5226
6274
8004
312
8911
5330
1827
5861
3488
3273
700
8830
6723
5779
4315
1370
5492
505
729
9733
6464
7310
1411
4297
5006
9221
6896
9215
2512
2073
7562
4645
787
7362
6048
6838
5514
4771
7170
4317
2079
121
37
5422
3252
6330
3204
9968
6268
4758
982
4113
6710
6318
3107
6228
5799
1129
7875
6789
787
3898
3548
2661
3618
9971
7390
4037
7079
4965
1946
7167
1595
1943
8789
3522
1425
3241
3948
8298
6924
3462
634
9219
1246
4414
1435
3529
1810
5172
5050
7725
5794
4166
7451
1709
6190
7926
876
9082
8179
7859
834
8889
2880
985
7525
4380
7070
2104
5014
2791
8955
6508
710
4640
2170
7624
677
1913
4844
6624
8782
1259
6889
255
1454
7972
9338
2138
2055
1218
3260
6247
5429
5932
6061
2196
9979
5280
9779
4871
239
5125
8787
2425
4790
5587
7721
1718
503
3672
3196
4920
8724
8590
7353
2847
99
8267
9847
4890
3074
1266
5027
3555
538
4544
4288
9026
1291
8555
9444
2505
165
3065
9625
7231
42
2678
6883
9866
6802
5221
2143
1526
881
2807
2812
3302
6794
7980
2576
6376
6896
375
3269
9222
640
8223
195
3205
6372
7687
2344
1583
3642
4875
949
4968
332
1133
5269
7572
1467
1830
9997
3610
8549
4826
3502
8132
2053
6765
8555
2500
1082
2392
1381
4092
3566
1122
5689
1671
6018
3869
711
1872
683
7657
2632
7030
6211
3683
380
6049
9051
488
7705
5192
3307
1849
234
1375
6642
6584
4334
9206
9783
9217
8045
1476
5017
8029
8724
4809
2803
4247
9884
6853
7062
3625
382
819
1966
2569
5362
1842
8921
1198
5291
5932
2020
8960
506
212
7321
5115
441
455
5978
9701
4038
8940
4610
1116
2206
4686
1428
7654
2915
624
5105
5678
3153
9041
9729
4531
8269
570
3085
7676
1144
9873
1940
3183
71
7008
6904
644
5679
2649
5777
7015
6534
701
7229
1988
5183
2113
5936
4455
7666
5759
3169
5130
6936
8580
2627
3047
4153
2187
6879
2339
5205
9780
6343
2251
9181
8971
7233
1858
1546
6502
2440
5363
1629
5129
6441
2573
7959
9260
6130
4599
4169
5319
6107
7360
2180
7565
5016
55
2555
8932
2183
3128
299
8744
979
3823
3066
597
8353
2692
1307
7746
226
2587
2151
8552
9808
4474
964
5792
8062
5011
9420
7089
9854
1510
2130
1739
8115
2718
9332
9937
6829
3605
1492
937
4535
7229
7175
7031
1080
9897
8727
6558
3998
2096
8197
7461
5195
6093
2724
7247
9790
2942
9821
8610
6394
6088
5055
4728
6951
3124
425
377
3027
4186
7034
3549
6779
9418
5833
1864
9588
7221
3643
1345
6936
5734
6297
8583
455
4669
2798
1859
7347
6737
9745
4823
2335
6973
8755
3166
2365
9600
6427
9786
2947
6627
909
6537
8033
1779
4632
5715
476
5955
894
9332
8435
1585
153
6237
4153
2386
4617
7315
356
3179
5428
2660
5401
7959
4879
2649
6859
77
1312
598
8436
6349
2323
475
3807
489
3085
4824
3775
7467
432
1886
6726
4017
7075
5187
6013
3406
2067
5933
7395
1207
4033
8015
4105
1662
2981
4121
6853
2287
8062
2530
2071
7220
7222
8306
2404
7302
4271
4274
5805
1974
8919
2171
7126
992
8368
3857
4236
3929
2849
3270
8575
6128
382
7211
2355
6102
7619
9057
2046
9843
1295
5632
4654
1658
8509
6115
3599
3277
619
1913
2056
9706
3073
1409
3113
1691
2445
4205
2949
3553
5765
6032
7454
9122
9278
5098
1856
6903
4852
8683
5671
1121
4042
6354
3413
9436
6220
1353
4697
8346
2886
7623
2702
6599
1558
3201
2689
4667
291
772
1032
3233
1336
1509
5533
5537
756
5425
8162
3002
5506
7090
546
1114
8293
5088
4396
8057
4310
5181
7910
3078
8676
5569
9473
9509
4290
9125
1268
856
7511
7683
2645
9250
9941
8317
1487
3717
6599
5951
8790
7502
5687
5146
7814
3273
2090
6815
7473
6459
2921
5557
3187
1235
1645
7582
5775
6870
342
9738
8078
6220
6809
3662
2897
7198
8125
1915
3076
2256
8412
1433
3519
911
3579
7414
748
6143
8742
400
6446
4014
4403
3329
5450
5496
6527
1953
6882
6948
9851
3809
3246
9604
365
2978
8222
3413
8116
3217
3175
579
5214
6123
4635
2581
4392
88
3660
3468
4227
1631
2801
7443
8683
2433
7459
869
5301
9606
1179
889
1902
379
4897
4497
9116
6351
9369
592
9909
590
8781
7190
3946
5937
7648
1843
1120
4754
7550
509
3487
2608
5121
6384
6644
4972
2204
2521
3251
6192
5769
4270
8213
6256
6777
1845
8129
7113
4348
9415
572
689
1026
9052
6871
5269
8324
9865
3516
1976
7351
2484
6170
1210
8613
2348
3814
6801
2367
3999
9535
5057
3742
7669
7350
5778
4123
5735
5173
4382
3397
7111
2717
9273
5818
5156
5698
4496
4619
6649
9127
8858
4883
9076
6503
5351
5000
1404
818
8375
7884
2232
6547
9192
9894
7112
313
7464
1892
1923
9406
190
2969
7541
4964
1215
755
1478
3419
3750
5264
8560
5901
3724
4957
3975
7812
1133
7786
3149
6019
8250
5242
124
2539
2903
9647
3652
2103
2814
8919
5025
1233
3779
7018
2855
2680
632
3733
6094
8022
8482
2439
4171
2110
1092
6563
2673
7105
1881
3255
6801
4481
2184
3626
2624
3173
3471
9551
3182
2773
1787
7676
7644
2351
2247
390
7699
1460
1118
4859
9737
4364
6283
2735
3553
6588
5765
182
1278
8157
1728
2612
8691
5921
919
3738
4642
8687
6111
2665
9341
9711
3582
9146
2669
5243
3718
6743
3442
3895
9088
4876
2201
9269
7064
415
9593
9160
7709
676
7479
5077
4885
7170
8625
3013
9626
3831
4825
8342
1246
671
6183
8693
1687
1006
1360
6255
2266
5864
4162
435
2427
6725
8967
6623
4151
1618
9278
6349
1718
2573
5153
6685
5363
4079
4489
6152
2445
8125
4617
9608
6229
3227
7182
6182
7935
3422
339
7558
1174
7254
5059
7865
2527
1859
7346
9973
6433
1803
9599
6184
1649
6673
9470
1647
5918
5340
2733
7233
2493
3458
7813
3508
8766
302
6817
2519
963
3647
4765
2157
4358
5000
5679
8772
1575
6186
9502
8015
1439
1487
4768
2020
1711
237
7010
3086
3507
7111
9478
237
1433
6157
6468
6704
5667
425
1
3777
6276
8206
6980
4417
5792
3492
125
6330
3487
3248
1719
814
8355
608
8330
520
700
6106
9343
1860
6994
1485
5147
5411
8770
4334
8512
5751
8109
1917
171
7885
8689
1814
4621
5742
8768
6975
2627
5706
2
7675
9640
9890
9321
621
32
2442
665
3282
2734
5028
9882
4388
7492
1452
4149
4719
3429
9415
9107
9827
257
7041
2607
8625
1220
3665
4181
8201
8878
9110
6744
1269
9416
7071
8849
7794
4687
8449
3986
2055
7675
8641
8428
6300
4430
786
4140
2773
3445
7067
2400
950
6347
5021
6606
4231
8009
6161
8816
7830
5791
9894
8359
7888
3349
5183
6398
4856
250
1872
6482
2618
6662
8536
8572
977
4709
197
2175
5146
2352
7512
5005
6645
7159
8743
7244
814
1223
9558
3752
7276
4535
4244
1888
4904
9783
2510
2301
3174
3007
1427
8760
94
4759
8443
9603
9182
4830
4396
243
4907
28
869
1210
40
438
8552
9008
15
5877
3912
5096
5614
9881
2872
1762
4283
6723
6426
8482
4022
8181
4084
6172
885
1523
3724
1047
8753
1247
7821
6265
5779
1756
8386
9493
594
5813
838
9923
795
5818
7175
2880
6798
6267
7780
8198
9424
1511
6661
2049
5589
8500
525
8395
4614
4401
1117
8037
121
1696
7856
3663
825
3709
9315
9574
8038
5412
4428
5909
451
9719
2901
613
8553
9742
2444
1291
9752
3517
6465
5057
3438
5783
3707
1180
1098
504
7766
3278
7564
5473
9983
9554
6511
5189
3671
1663
2862
1829
6892
5428
7806
1391
5481
2390
4371
4696
3820
499
48
8824
9385
3071
356
4220
3469
4908
8748
6690
3245
4041
3662
8177
6290
9314
959
7176
2163
8693
9828
9369
8907
3123
8848
1089
5186
7120
1825
5118
8919
3687
7496
2358
9553
8200
2551
3412
1497
2513
1518
7487
2478
786
7878
1080
6924
5412
5193
5408
1108
6083
5361
5065
6770
7918
8422
9402
6586
2418
9555
1429
7347
6463
7359
5766
256
888
673
7479
1815
3706
402
4626
6405
6752
1486
9475
7883
5672
9161
2880
8173
7382
1235
2556
1302
4304
7850
3246
3793
5582
1682
5595
1544
5759
4274
8866
1300
8530
5096
8524
1576
1556
9681
8825
2158
2791
6230
6565
7894
2788
9357
4747
2698
3778
9463
786
3368
5783
3806
4869
178
6836
9324
1691
6696
6430
5459
9338
5374
2260
3980
5792
2057
835
939
9684
9190
2394
525
9980
1124
2598
1613
8317
686
6217
8171
4225
1808
597
8010
4409
4254
5710
4902
6972
9799
8667
2020
6339
1203
7993
9916
9433
2865
4320
378
5938
1842
8195
2920
3701
3990
3422
7421
5375
1842
8296
966
5710
3994
6771
9302
2931
4946
9585
2328
4579
9843
2371
4271
1012
6571
9038
5582
6488
6664
2981
2628
556
6072
1873
6504
983
8280
9191
5973
2736
6299
4715
724
6960
9274
4409
8088
3582
1960
7966
7553
1172
7306
1110
5470
2186
574
1873
146
4661
6766
8293
498
418
8395
4439
5402
9434
1754
677
6371
7194
6444
3931
1033
2115
3940
6948
1059
8314
8948
7894
927
2893
3620
1237
9502
5505
1851
5537
845
1907
6799
9196
7693
1288
8016
6413
4262
4411
1134
2507
8928
8258
1585
5189
915
1088
3673
1402
3779
9199
5752
7492
1273
4765
6525
5693
6713
9488
500
6248
6849
4852
3146
5893
7539
4411
5027
1173
4807
4610
5961
8183
7522
7550
290
7369
2535
4564
759
2942
1145
3007
4721
5014
3659
9603
8665
2700
4112
2475
4620
8196
6283
6923
3341
3020
8918
4958
7343
7196
4480
9140
7735
4495
7521
6605
1228
5873
6992
419
2047
5583
3344
2274
714
6715
2540
7836
3499
7425
8380
9370
1093
6783
5542
704
160
5421
278
1787
5407
5284
1645
1395
7991
6516
8670
7440
1592
8855
6364
5760
1627
5186
2570
4186
5986
6062
9607
2436
7108
7915
9453
5871
1925
1354
6600
281
6626
606
3661
8329
3454
1808
3436
6382
7968
8378
5507
7815
900
8578
5518
2078
315
4588
6748
2127
5414
7705
2172
8345
116
8002
832
1747
8333
2258
6682
3134
6052
6021
7737
6592
8331
6307
8920
3637
4255
5150
6754
3527
6373
4094
4636
7934
3287
870
5565
6773
4564
711
2881
4438
5951
4645
3772
796
6036
8511
4948
8412
4671
5914
9567
8120
8511
9673
1297
3507
5986
4680
8901
4691
6438
6990
2714
4401
8466
6825
7283
3031
4712
6282
4247
587
6138
9639
2797
8862
2407
2118
991
630
466
9317
2582
3857
9517
8639
7531
890
939
7720
2608
3294
9239
5801
9787
7927
8077
9207
1385
8298
6780
6235
1537
511
279
5102
7079
6461
6935
8148
3074
6884
6834
767
6676
6490
7313
914
8742
2514
4301
5374
745
2404
129
8147
1612
4144
2628
6105
7033
4498
2785
7161
5823
2993
1824
5205
4608
4090
3006
7864
5603
7342
3445
5248
7299
8281
5397
4868
408
8527
2917
8770
2618
5321
4848
243
4773
9345
8635
5590
7077
4321
4274
4765
2609
7966
2213
8464
7840
3624
5805
7506
5737
5964
9663
6157
8810
58
6466
8742
13
9603
5680
2443
3126
3690
7663
8269
1946
8385
202
2367
7919
6336
7013
8835
3650
4739
8420
5273
6845
3723
6608
1074
2863
5879
8781
6817
7165
2722
5836
1129
3889
9535
2352
9308
4880
6082
6937
5589
5744
726
3169
8356
2916
9
4571
915
1880
5580
5229
517
8585
7986
6981
9493
5362
9904
5480
6077
6223
6150
3314
5619
2752
765
9912
7597
1701
6778
7826
390
4898
805
3403
5542
8817
9081
5427
9314
5602
9324
5015
9779
6003
6770
3140
928
4372
5408
6045
3527
6736
8527
1743
9261
2526
9866
3693
224
1566
9462
1002
3287
5215
3594
4138
1732
1105
7901
4260
2053
8421
2968
170
7914
1383
5304
7791
8257
2851
9281
1167
4280
1962
3377
3431
2713
3611
8086
7020
3187
9389
9773
5145
9285
2519
9500
8269
640
4841
8695
6362
2626
2998
889
3811
9855
302
9427
4213
1952
2712
5767
6080
126
7698
6887
7270
1039
3580
8165
9408
2364
5578
756
5942
6166
8070
4352
6526
1619
4310
7672
2464
3766
5652
7344
8483
7395
2721
5266
3614
2430
5029
2907
2476
3640
5969
4203
6893
9829
9052
3130
6326
5940
4090
3848
6292
9066
2987
4060
3055
5167
5448
9002
3443
603
2576
9893
1554
3671
8614
5617
8243
4
8199
2787
1248
404
3145
7524
2371
2525
9934
2251
8882
1720
7682
2391
2861
9077
8650
2891
4313
1752
476
3362
110
8424
311
4806
9101
3879
5046
1505
2516
3210
1964
6723
2442
834
4219
8668
2988
8087
2560
3377
77
589
1174
2483
6556
1445
1472
8726
9874
7788
3820
2081
9340
3922
2937
1077
4491
7708
3499
3726
2273
4136
9253
3033
6315
2093
1222
4697
7672
7097
924
5368
3625
1809
8027
5245
8509
5185
2068
2968
7582
975
1176
9260
505
8502
3294
3424
2725
3307
7754
570
1225
8489
4761
8144
6031
3080
5982
6641
4433
7182
7191
9729
5457
2807
3152
5660
4460
8153
8245
7705
8005
2076
5906
9044
5411
4763
5460
9689
4050
5232
8024
1597
3189
8300
4155
588
2212
8181
5758
9847
5950
6531
6846
617
3805
6634
7587
140
7444
5366
5888
1093
190
8250
2023
9481
6923
7015
6526
1235
2089
6009
7641
4448
8351
7213
5069
4297
8318
1978
5600
2331
4150
6871
2764
3121
1351
6646
1359
1236
2716
3332
8680
738
472
8147
7810
7908
5724
9842
1746
9643
4037
5425
7102
219
5183
9956
6322
4674
9960
8094
8318
3559
9860
8247
4149
2347
3773
7173
4977
2103
4831
7898
9566
4899
5460
6376
3259
3227
7326
6570
9821
1529
3927
1032
4345
3284
8015
827
1597
7328
3121
7474
2509
8521
1200
2021
6202
5118
1495
3324
5292
1742
2837
2436
1936
5092
554
7123
7175
2448
9820
6426
4017
9654
6259
4061
4684
948
792
6424
6071
2717
1356
9717
7607
8765
6921
5219
2148
5606
3017
6134
4559
4629
6239
9476
6068
6393
852
7589
1238
181
3328
7249
8926
8797
5403
3890
6053
3895
1808
9699
9325
4172
8052
6567
6780
3919
6637
5646
1554
4806
7839
4886
7516
4092
9639
3828
3432
9005
6726
3622
7246
6868
6664
7256
8177
6191
567
5090
8703
955
7258
5493
9322
1479
5573
7291
3776
7279
3086
5168
1347
4057
7765
4224
8350
2708
2969
8045
5604
142
279
6117
1449
256
3516
9868
5073
8010
7989
3803
4262
9191
7082
3212
6487
8242
231
3696
9886
9514
1115
7682
9733
8964
1342
3949
6165
3738
1170
5312
6339
6334
7567
950
5539
8875
4406
3087
6663
2222
163
3603
2060
291
5761
9765
7969
4344
225
3782
4002
2047
127
7050
8054
5907
5456
2366
1873
7515
5796
687
8170
2132
8065
1014
4762
144
1344
466
5288
8604
4803
5327
8969
423
9679
161
5119
9969
9704
1236
3036
201
3519
686
7900
792
5958
9505
1483
3845
8219
6395
8957
3482
3382
2339
7055
7255
3310
5146
1891
445
3700
9940
8342
7796
506
2509
2610
3442
3141
1431
6960
3550
3233
8762
5598
6841
7389
6998
602
7705
5945
5079
6124
1861
297
8179
4098
1216
1339
6547
5276
99
1839
797
2447
5486
5818
5043
7999
1733
2479
4691
1853
4903
4069
1593
9767
3313
2259
6855
5439
1579
2821
7509
2355
2584
1381
6499
686
8150
8387
718
7170
3037
2039
9704
2649
2045
4267
15
8201
7822
4167
9048
5137
4674
5653
4310
8597
3058
521
4585
4517
7007
6235
1028
8111
7899
7249
9525
5433
2699
1163
6535
5811
7565
6201
4636
6791
2965
735
2681
3012
9096
13
5170
6844
7218
3251
5838
7097
3498
3326
855
4603
1135
7689
9461
201
7385
7513
7025
9984
850
354
8273
4241
3195
4969
9043
8404
5445
3596
6744
8895
6971
9487
7080
7947
1133
262
8645
969
8518
6013
5741
8654
7250
300
9037
2541
266
6230
4270
5114
4250
994
3932
9409
3267
476
4
517
186
6809
7555
5375
7579
4811
7107
9073
9565
6993
6953
3860
6056
4567
4776
4376
452
7827
1695
2538
1296
59
7532
1875
939
8819
3515
3327
1261
6068
7028
4600
7512
1207
8102
9367
1863
3376
3400
9394
5164
658
619
6166
6575
465
5516
9795
7633
735
8436
9656
15
4439
9034
179
2267
4684
6477
4861
5993
2342
5020
9190
9702
4748
3041
4388
1519
8217
4659
8216
8645
8088
3888
5765
3861
4354
5931
3524
5113
6226
8408
5193
5267
4625
5035
9085
4266
7450
7219
6463
8385
2033
4877
5866
7266
5676
3511
3141
7130
8559
8215
9426
2584
4915
3582
5064
5130
5757
5852
128
7044
2191
3426
8778
2595
4810
1463
8907
1910
9943
9221
5805
334
6343
9847
7673
7651
4409
5277
5743
5612
4414
6450
7609
8158
2884
1237
9456
3921
6640
2894
7438
6300
4873
4965
5327
5526
4401
3714
6188
8726
6155
4097
1604
2891
3746
2591
7863
9601
4894
330
4198
2684
180
9232
7523
6115
8691
1045
7033
9600
807
5956
5820
5790
5563
2328
9942
8509
2127
6871
3185
5830
6089
3832
7329
2051
2949
4801
7618
1548
196
6929
668
9142
4909
7432
351
9835
597
7901
7984
7789
2830
7537
4221
7822
7508
598
1452
8254
4211
1861
5591
9000
7471
1461
2989
2442
7801
4898
9204
5827
1422
2869
4524
6552
480
4104
7776
7912
8620
7650
6633
6752
9500
2088
1750
3623
7103
3252
5269
9750
2454
8647
9387
5853
5773
192
8278
7304
7684
9403
8172
656
1874
6806
7753
224
8616
5988
3867
1100
8092
6212
6267
5506
2131
6538
3352
3588
613
4609
2631
4688
922
1733
2133
669
5466
2794
8658
7227
1600
567
947
3252
5233
7108
1619
6622
9406
8268
1420
3008
1925
4525
3541
7669
1719
8004
8703
3873
5244
38
4364
8785
4224
8784
7874
1099
1112
4216
8347
2365
2767
7524
2752
9641
3645
5030
9222
3775
8725
4450
3200
3398
4514
9021
2831
3419
9201
8586
5821
2111
9965
3478
5763
944
8902
4921
6719
1933
1107
6232
5041
2239
1622
2532
6162
9001
1756
5708
8966
708
7544
6877
1707
5002
1775
5499
9537
1769
7719
8724
589
7703
7387
4362
4241
6554
8938
4116
198
116
1811
7203
7105
8949
7980
2612
8576
2328
8371
8222
9956
7899
6069
5633
4788
7716
223
3415
4880
1910
9037
4253
7586
1638
8909
8741
601
8386
2461
3689
4353
9647
4426
3441
6479
8419
1376
3102
1197
9406
3896
5830
7058
1004
7870
8326
3664
2746
9564
1835
9100
6897
3847
4559
1493
8773
4011
4
2967
7009
6964
9238
8565
4304
5532
1288
5319
1966
3082
7176
5154
4474
6760
8536
9224
1160
1356
4190
9906
730
3890
1453
4429
4627
8695
8059
5646
5048
5678
5094
2272
9845
7830
2080
5338
8848
7991
9249
296
5193
2093
1914
4925
2123
6167
4025
433
9129
2109
2254
8952
1132
7845
2404
9855
9170
2421
9369
6779
4243
3212
163
8852
7586
6098
6580
1499
2074
6652
296
5924
790
9111
6568
8445
2543
665
4247
6626
3230
362
4406
5634
2202
4938
8722
9927
1733
271
7325
6112
6964
6400
407
6151
1906
4373
1481
8053
4601
900
9642
4241
8916
61
8912
2203
1882
235
1557
8074
9336
5101
2092
3788
3604
5106
7219
8694
8904
6287
5195
1430
9165
3629
526
1945
9685
6705
7568
9402
861
1346
1265
5527
3708
8175
7094
3797
4832
6275
3090
9225
9560
4608
181
7538
9008
6392
1470
3844
9650
2208
5340
4561
1460
9750
500
2660
2372
7994
8424
4058
193
6901
1584
5355
4893
5375
2347
4088
2220
9150
4577
4012
7107
9028
4661
4014
4319
8721
3699
5688
252
2287
6106
4043
9382
8960
2526
3323
9375
5525
5440
8907
4764
607
4643
5364
9914
625
3420
4926
1304
8340
9724
8600
7014
9406
9523
7928
1347
8000
7788
2877
2006
7905
8669
6319
2589
6148
3362
8972
2663
3790
9867
5637
3041
5706
4714
9617
6436
6784
5816
2201
2801
7723
862
9916
6817
9427
7895
2203
625
501
540
8347
1906
8046
426
4610
7542
761
9365
9014
6088
4406
5851
6463
724
2715
1262
6264
6837
3440
6375
187
8585
2424
5581
4360
110
3970
2448
7226
582
8755
6541
1733
2544
7974
5446
7911
3740
1002
6159
6432
9397
5739
7278
5670
2087
9345
9363
4089
4982
5686
4531
5472
3255
4426
5182
1131
3610
9782
8044
6038
1885
4672
7093
8713
6127
2144
7827
6040
1700
1146
6502
356
1766
1916
2899
3551
506
7426
8698
3999
6954
6625
4024
4528
1698
5931
3800
315
7566
2196
3909
2038
6359
6601
9872
4595
9834
70
5133
3341
2124
7911
6917
4111
423
6015
4722
3197
8678
7022
2820
2104
8963
4519
895
907
1835
3426
4046
5749
9918
692
3746
9568
8435
1818
3424
8403
4834
175
1672
5467
7386
1098
1739
2794
5448
1606
4455
9632
8119
4945
8462
6719
2266
5879
1940
5066
5285
761
8610
1591
9526
5067
24
3607
5815
7563
8140
5167
2987
2611
2427
3195
1155
4008
1857
3895
8881
1166
1104
7935
5877
1981
2158
7432
3960
8657
9852
9966
4829
7993
8819
9240
4927
1657
1081
7781
6918
7741
6115
499
5376
5325
8460
6249
6067
7932
3490
5153
7794
2484
5002
4963
2637
9905
9851
5412
7368
8012
9643
1396
7915
9067
1406
1218
3463
3945
653
6903
6625
446
1711
1531
3074
4263
479
2312
1858
1117
4393
5819
2958
241
9657
9108
4014
8018
1361
61
9241
2869
1680
5941
5141
230
7806
6429
4101
1790
2433
410
5146
5851
4662
8682
8901
7297
1966
9667
8960
5871
5429
9397
4510
5843
3545
7428
2156
7380
2980
6479
3489
1971
2841
5677
2928
3416
1786
2465
2455
1489
8649
1306
9581
7672
395
5268
4531
2739
9639
636
1347
8610
6387
1555
5742
2899
1675
9269
117
2603
799
7862
9701
7078
9202
8974
3399
8890
4939
8574
1710
7145
7683
8039
9648
2628
7311
4715
705
5308
1080
6860
1965
38
3415
2896
7205
6918
6398
3536
9690
9311
618
9881
5607
945
7666
3525
7240
2326
3289
3524
2659
6182
5435
2890
3666
581
6441
6366
5298
9449
8640
517
2475
5752
8283
106
8719
847
2856
3387
4188
1125
6360
1819
267
541
2715
1757
1446
2997
9391
1800
1289
1668
3131
1429
9372
5424
6429
2388
8533
8268
3279
3360
6264
5837
4794
2048
6520
5297
5545
4669
3913
5874
9565
831
7157
4039
4148
3196
9793
7835
9445
7385
4595
8260
1479
1416
3125
3815
569
6427
7260
891
3328
6404
8033
3522
24
6292
6565
9149
7991
5108
1113
5734
3014
9632
1331
9846
791
3042
2942
9148
7144
1330
1592
3489
7422
2499
951
213
5617
9353
6540
9322
9458
4730
1473
9194
7612
3031
1804
9024
2166
7854
195
2338
8138
3251
4761
7465
3191
2460
5048
5527
6607
3457
9060
5320
5376
2637
5348
7627
9713
37
6990
1909
5371
1671
5572
7097
6156
3060
3449
2946
3760
1419
3604
7405
7204
856
4502
699
592
6535
7595
8746
5943
4516
1345
8314
6497
3818
2871
872
5534
1577
5812
5847
1208
9169
2600
6848
6690
1189
1413
8732
391
6102
9186
7048
2224
8538
3645
4626
4803
4651
6930
2435
3036
6282
2776
5764
4494
2276
4403
74
7185
4270
5781
3132
1149
2746
8999
8554
3968
1686
4578
1404
2971
8050
7223
5076
5002
9330
7052
4977
524
7360
1869
6920
2772
264
1964
7485
429
6566
8499
4591
4097
2006
1974
8387
9628
1970
3980
7445
3196
7722
2702
2149
250
8245
8554
790
5386
958
5439
8731
7946
2559
2532
8058
8974
3629
9585
8062
5734
8611
8793
4826
7652
221
2453
5440
9177
7293
281
9077
9656
6169
7712
2241
5604
4474
7105
6732
6879
853
6904
4068
8440
4739
2072
4220
5986
9590
1428
4481
8842
7931
995
6504
4881
8256
29
8194
5697
2432
2367
890
1530
7555
7741
346
7015
5118
3359
134
2226
7288
376
3029
1481
292
7923
1585
6311
1981
5174
6108
3757
3928
5583
4296
1177
8450
4367
4404
8228
2263
4604
1242
374
7595
1949
794
4847
7858
8967
1371
3379
50
487
8520
4376
1776
4609
1705
3585
9752
4804
614
9302
6209
6714
9951
6855
9020
9925
9310
9119
1252
979
4546
5003
620
4351
6141
8442
9026
8268
3714
7581
628
2674
5838
465
5528
1243
6139
6437
5284
7453
2816
879
6706
1902
3146
5216
917
7459
3296
3950
6575
4232
3630
7094
8213
8532
545
3464
6069
9232
5053
7462
9555
9195
9611
6776
9360
9626
6791
1622
9012
6106
3053
3393
7526
7924
7023
4918
7924
9968
9325
6217
9903
5148
6723
3002
2943
3580
9922
3077
6284
2635
6412
2215
9540
5766
6963
5094
3827
734
2491
7975
7505
6656
5147
990
7551
4133
9184
3395
8265
1845
758
6412
2781
9656
6646
3748
5887
119
6720
3518
7720
7114
9980
4630
5826
6163
8346
2544
1282
5803
6427
4682
4165
3748
2483
2403
1886
2275
5015
3634
2742
3911
2143
2060
9636
779
5329
345
2065
6104
1122
7608
1006
9638
3599
3297
1616
6237
1060
7053
7635
8165
8950
4146
2600
4667
847
1014
4604
5432
7976
1603
8518
7932
2728
3578
8797
8117
9291
3005
7719
9276
7156
1615
2911
1686
1277
7413
6767
75
6742
3861
6506
3495
895
2766
9182
4838
2536
9396
9445
490
6821
138
2276
8263
5101
4081
8272
1904
6432
1792
2596
7404
5509
5430
7624
7844
8642
9683
5062
4088
9836
8839
292
421
623
2540
9033
9646
8115
377
8944
7308
3952
4862
1017
8820
6623
6746
1134
2088
4523
2049
117
671
9380
4028
8555
9576
8247
7179
1231
9586
2549
3999
2342
2457
810
3243
5280
8465
6079
2221
483
8010
4071
1157
608
3393
3245
4431
1915
597
7367
7052
8254
197
6843
3308
6185
6290
5407
6412
607
6240
7256
3044
9265
6387
196
2674
1796
7012
1284
503
7206
1025
1629
2773
5522
5817
5504
2108
7647
9666
995
5729
8008
6467
826
636
8228
5252
5090
1985
6044
5766
4327
9726
9556
311
9902
3570
7340
8255
9170
9974
6762
7224
8626
5642
1641
1658
1000
5349
6034
8555
4726
4412
8871
962
4133
6657
269
7254
5569
6501
377
6760
3594
1965
2956
3311
1997
5563
597
6774
6173
6261
7946
7839
9186
8975
9025
6715
8582
9136
3904
6484
3765
9065
1564
6356
7686
8414
489
9171
6149
9654
1144
1250
6944
1949
6789
9605
7301
2617
2312
1335
9470
2151
1315
3609
7343
330
3864
8563
280
4834
2089
1732
9553
6896
3960
8999
2296
4198
1601
3440
4164
6028
3240
5314
4301
314
9595
4269
446
923
6785
3738
2829
3357
9855
7450
1629
7903
4452
4167
4143
8512
9030
8542
2825
5500
2018
6105
262
7168
7444
9307
7931
1948
2231
52
4731
9661
2490
6274
9556
3649
7853
7694
4122
5953
4236
3521
109
3313
1872
6628
9870
9639
9876
7245
7167
1959
1388
6899
8323
8413
6949
9356
7320
8267
6034
2418
9617
2964
2148
6666
2366
5089
7134
9312
7615
1710
3380
2211
4394
9654
8824
5566
4963
2808
8346
9990
1811
5071
5513
1507
3277
2844
5014
6873
2545
2279
3903
1091
2027
7101
7962
8326
1104
4248
8109
438
9571
7140
9089
4753
4364
7
4213
7085
7741
4307
7119
3801
9680
8204
2521
2559
249
7592
4579
2194
6329
5300
5834
5653
4379
5452
789
345
8731
2248
8060
8876
4556
7350
4561
3519
4236
9890
106
3899
5400
3981
3200
6717
5800
7079
883
9789
96
4570
102
8303
132
2926
6727
3925
5150
3899
6836
2058
2421
8146
7997
4013
2872
9178
6254
8511
9042
7279
7367
9592
9815
3749
7498
6555
6758
5769
1712
1559
2808
7848
8400
2536
488
3212
8912
4825
7389
2199
5328
8676
3721
4047
7882
1472
4159
9692
5304
5021
2859
4680
8589
5817
8039
7263
5934
8475
3688
5303
1468
2413
6971
5325
5039
7905
4639
4100
8172
4961
272
3469
2457
1706
2762
1491
5667
1486
6508
8857
1582
3175
8018
4794
6351
324
5701
6603
1917
1849
9519
7278
6714
8537
45
4858
6092
2377
2074
8003
1203
9089
4349
3434
4814
7368
995
7420
9199
7756
8021
31
5343
7833
8697
7431
5964
8882
8398
8652
95
5935
9960
5615
2403
8819
5330
9241
7042
5465
8504
2683
9658
220
7718
4628
819
18
2317
3004
7270
9192
1653
9230
2807
3033
9155
4631
292
7930
5603
3732
8849
2268
9250
8100
7608
692
8142
6720
1503
7925
5802
299
2271
251
9833
41
2193
1527
4380
5883
1965
1518
7268
6206
565
7074
2824
8606
8019
5209
8941
7224
402
55
8772
6264
7527
5740
4591
327
14
9467
1068
7064
1288
1554
5818
6387
3102
9203
9212
2325
9355
643
6632
8487
7294
194
7865
7362
8976
8716
3562
4764
625
7009
239
2009
487
3298
2260
6344
3055
8314
5133
1857
4778
1686
4962
194
1314
4170
2317
4955
8969
4621
2731
9553
5720
8047
6584
9684
3629
9759
1202
3448
1368
1810
4991
5263
2346
8678
8903
83
8173
3252
5504
5124
9399
6932
2904
2201
4116
1781
3909
9901
1639
6488
1456
920
1153
6925
7642
2873
8107
7558
5927
9785
6671
835
756
3442
7994
1303
3835
6831
1735
7348
6673
2032
1984
3105
710
7868
1544
2746
8742
9565
2595
6219
1340
95
5860
6227
9987
6105
5667
1634
7336
751
2408
6986
5487
1129
6143
4310
270
8609
5648
5167
9147
9537
5202
6196
2578
5133
5287
1739
651
2946
4777
9314
953
1372
104
5857
9399
3828
7443
6316
3367
4333
4699
5554
284
4398
1636
2375
167
283
2416
7549
3558
3729
9365
2615
5036
5574
2388
2214
4322
7159
848
8413
3069
553
965
4826
7866
9545
5732
1936
9067
5371
3666
845
9487
8607
1764
4129
153
5235
4569
8449
7279
2469
9239
7141
3235
240
9258
9584
2075
5995
882
2260
8329
4172
5697
1129
9521
7820
8462
3308
6768
4908
4386
2317
41
9702
1677
3785
9980
3694
5744
5592
9362
1616
3634
4210
6943
6723
915
3847
1681
6270
1237
3516
723
8142
1918
2114
2402
4806
1999
6525
86
4637
922
8562
4178
5268
807
8011
9332
4591
2575
4610
6492
9584
3291
3420
5103
8048
930
2859
3874
9653
9553
8963
2795
7907
1923
2805
2937
7339
3020
2241
9186
1106
95
6283
6482
7833
9518
3161
6110
8624
1306
2534
6954
367
9688
6561
4777
2382
9853
918
3985
7567
3725
7855
3464
6196
3735
9440
9495
9753
3831
6775
9000
3764
1810
9950
6425
4994
2988
1703
6013
2822
8912
8578
4067
3317
9441
1530
2978
7627
1636
2591
4016
5510
5061
3209
1572
3176
2549
9714
2641
5296
3129
148
1503
6830
6814
7951
975
89
226
9714
5776
4217
8321
3976
9855
1872
6046
7256
3145
568
677
603
9857
3917
4865
3682
5280
6624
7869
4369
6418
5956
2872
6654
4925
920
830
5457
1219
4214
3658
8953
7449
7101
2310
3456
3440
7170
8978
1842
6684
1266
9370
1869
7399
3172
2015
9883
6395
8029
4454
8232
601
2533
3790
9631
1515
5109
7199
5008
9485
3048
441
5294
196
5597
6798
3779
9032
1242
8139
158
5543
9871
318
4744
6979
1685
1803
7805
3297
8120
5525
8455
8541
8973
5800
2487
8361
737
5522
6629
7358
6856
7535
969
1471
7897
6259
7051
7872
2779
2755
810
2881
7737
1179
7310
8193
1805
6455
95
8969
8937
9034
7937
2439
6561
5074
6057
2267
5092
6031
7468
5429
3661
8585
4457
9334
3517
8528
804
557
1462
908
9595
1727
93
910
6525
394
2270
7565
2113
8228
7379
7660
1865
631
167
5430
5476
2970
2873
2350
8027
8429
2226
7053
5855
4757
611
1532
5603
3324
1233
5918
1270
8789
1444
2417
2856
2976
8030
5090
8181
3031
5147
1923
4960
2040
7591
9028
3072
1853
1435
7781
916
7408
2615
8310
5418
7088
3774
1925
9368
3880
8579
7838
7625
5907
6845
9887
252
4680
